/* code automatically generated by bin2c -- DO NOT EDIT */
{
/* #include'ing this file in a C program is equivalent to calling
  if (luaL_loadfile(L,"compatibility.lua")==0) lua_call(L, 0, 0); 
*/
/* compatibility.lua */
static const unsigned char B1[]={
 45, 45, 91, 91, 13, 10, 83,112,114,105,116,101, 46,112, 97,114,101,110,116, 32,
 61, 32, 83,112,114,105,116,101, 46,103,101,116, 80, 97,114,101,110,116, 13, 10,
 83,112,114,105,116,101, 46,103,101,116, 86,105,115,105, 98,108,101, 32, 61, 32,
 83,112,114,105,116,101, 46,105,115, 86,105,115,105, 98,108,101, 13, 10, 83,112,
114,105,116,101, 46,103,101,116, 78,117,109, 67,104,105,108,100,114,101,110, 32,
 61, 32, 83,112,114,105,116,101, 46,110,117,109, 67,104,105,108,100,114,101,110,
 13, 10, 13, 10, 77,111,117,115,101, 69,118,101,110,116, 32, 61, 32,123,125, 13,
 10, 77,111,117,115,101, 69,118,101,110,116, 46, 77, 79, 85, 83, 69, 95, 68, 79,
 87, 78, 32, 61, 32, 69,118,101,110,116, 46, 77, 79, 85, 83, 69, 95, 68, 79, 87,
 78, 13, 10, 77,111,117,115,101, 69,118,101,110,116, 46, 77, 79, 85, 83, 69, 95,
 85, 80, 32, 61, 32, 69,118,101,110,116, 46, 77, 79, 85, 83, 69, 95, 85, 80, 13,
 10, 77,111,117,115,101, 69,118,101,110,116, 46, 77, 79, 85, 83, 69, 95, 77, 79,
 86, 69, 32, 61, 32, 69,118,101,110,116, 46, 77, 79, 85, 83, 69, 95, 77, 79, 86,
 69, 13, 10, 13, 10, 84,105,109,101,114, 69,118,101,110,116, 32, 61, 32,123,125,
 13, 10, 84,105,109,101,114, 69,118,101,110,116, 46, 84, 73, 77, 69, 82, 32, 61,
 32, 69,118,101,110,116, 46, 84, 73, 77, 69, 82, 13, 10, 84,105,109,101,114, 69,
118,101,110,116, 46, 84, 73, 77, 69, 82, 95, 67, 79, 77, 80, 76, 69, 84, 69, 32,
 61, 32, 69,118,101,110,116, 46, 84, 73, 77, 69, 82, 95, 67, 79, 77, 80, 76, 69,
 84, 69, 13, 10, 13, 10, 84,111,117, 99,104, 69,118,101,110,116, 32, 61, 32,123,
125, 13, 10, 84,111,117, 99,104, 69,118,101,110,116, 46, 84, 79, 85, 67, 72, 69,
 83, 95, 66, 69, 71, 73, 78, 32, 61, 69,118,101,110,116, 46, 84, 79, 85, 67, 72,
 69, 83, 95, 66, 69, 71, 73, 78, 13, 10, 84,111,117, 99,104, 69,118,101,110,116,
 46, 84, 79, 85, 67, 72, 69, 83, 95, 77, 79, 86, 69, 32, 61, 32, 69,118,101,110,
116, 46, 84, 79, 85, 67, 72, 69, 83, 95, 77, 79, 86, 69, 13, 10, 84,111,117, 99,
104, 69,118,101,110,116, 46, 84, 79, 85, 67, 72, 69, 83, 95, 69, 78, 68, 32, 61,
 32, 69,118,101,110,116, 46, 84, 79, 85, 67, 72, 69, 83, 95, 69, 78, 68, 13, 10,
 84,111,117, 99,104, 69,118,101,110,116, 46, 84, 79, 85, 67, 72, 69, 83, 95, 67,
 65, 78, 67, 69, 76, 32, 61, 32, 69,118,101,110,116, 46, 84, 79, 85, 67, 72, 69,
 83, 95, 67, 65, 78, 67, 69, 76, 13, 10, 13, 10, 66,105,116,109, 97,112, 68, 97,
116, 97, 32, 61, 32, 84,101,120,116,117,114,101, 82,101,103,105,111,110, 13, 10,
 45, 45, 93, 93, 13, 10, 13, 10, 13, 10,103,105,100,101,114,111,115, 32, 61, 32,
123,125, 13, 10,103,105,100,101,114,111,115, 46, 99,108, 97,115,115, 32, 61, 32,
 67,111,114,101, 46, 99,108, 97,115,115, 13, 10, 13, 10, 84,105,109,101,114, 46,
112, 97,117,115,101, 65,108,108, 84,105,109,101,114,115, 32, 61, 32, 84,105,109,
101,114, 46,112, 97,117,115,101, 65,108,108, 13, 10, 84,105,109,101,114, 46,114,
101,115,117,109,101, 65,108,108, 84,105,109,101,114,115, 32, 61, 32, 84,105,109,
101,114, 46,114,101,115,117,109,101, 65,108,108, 13, 10, 13, 10,108,111, 99, 97,
108, 32,102,117,110, 99,116,105,111,110, 32,100,101,108, 97,121,101,100, 67, 97,
108,108, 87,114, 97,112,112,101,114, 40,116,105,109,101,114, 41, 13, 10,  9,116,
105,109,101,114, 46,102,117,110, 99, 40, 41, 13, 10,101,110,100, 13, 10, 13, 10,
108,111, 99, 97,108, 32,102,117,110, 99,116,105,111,110, 32,100,101,108, 97,121,
101,100, 67, 97,108,108, 87,114, 97,112,112,101,114, 87,105,116,104, 68, 97,116,
 97, 40,116,105,109,101,114, 41, 13, 10,  9,116,105,109,101,114, 46,102,117,110,
 99, 40,116,105,109,101,114, 46,100, 97,116, 97, 41, 13, 10,101,110,100, 13, 10,
 13, 10,102,117,110, 99,116,105,111,110, 32, 84,105,109,101,114, 46,100,101,108,
 97,121,101,100, 67, 97,108,108, 40,100,101,108, 97,121, 44, 32,102,117,110, 99,
 44, 32,100, 97,116, 97, 41, 13, 10,  9,108,111, 99, 97,108, 32,116, 32, 61, 32,
116,121,112,101, 40,102,117,110, 99, 41, 13, 10,  9,105,102, 32,116, 32,126, 61,
 32, 34,102,117,110, 99,116,105,111,110, 34, 32,116,104,101,110, 13, 10,  9,  9,
101,114,114,111,114, 40, 34, 98, 97,100, 32, 97,114,103,117,109,101,110,116, 32,
 35, 50, 32,116,111, 32, 39,100,101,108, 97,121,101,100, 67, 97,108,108, 39, 32,
 40,102,117,110, 99,116,105,111,110, 32,101,120,112,101, 99,116,101,100, 44, 32,
103,111,116, 32, 34, 46, 46,116, 46, 46, 34, 41, 34, 41, 13, 10,  9,101,110,100,
 13, 10, 13, 10,  9,108,111, 99, 97,108, 32,116,105,109,101,114, 32, 61, 32, 84,
105,109,101,114, 46,110,101,119, 40,100,101,108, 97,121, 44, 32, 49, 41, 13, 10,
  9,116,105,109,101,114, 46,102,117,110, 99, 32, 61, 32,102,117,110, 99, 13, 10,
 13, 10,  9,105,102, 32,100, 97,116, 97, 32,126, 61, 32,110,105,108, 32,116,104,
101,110, 13, 10,  9,  9,116,105,109,101,114, 46,100, 97,116, 97, 32, 61, 32,100,
 97,116, 97, 13, 10,  9,  9,116,105,109,101,114, 58, 97,100,100, 69,118,101,110,
116, 76,105,115,116,101,110,101,114, 40, 69,118,101,110,116, 46, 84, 73, 77, 69,
 82, 44, 32,100,101,108, 97,121,101,100, 67, 97,108,108, 87,114, 97,112,112,101,
114, 87,105,116,104, 68, 97,116, 97, 44, 32,116,105,109,101,114, 41, 13, 10,  9,
101,108,115,101, 13, 10,  9,  9,116,105,109,101,114, 58, 97,100,100, 69,118,101,
110,116, 76,105,115,116,101,110,101,114, 40, 69,118,101,110,116, 46, 84, 73, 77,
 69, 82, 44, 32,100,101,108, 97,121,101,100, 67, 97,108,108, 87,114, 97,112,112,
101,114, 44, 32,116,105,109,101,114, 41, 13, 10,  9,101,110,100, 13, 10, 13, 10,
  9,116,105,109,101,114, 58,115,116, 97,114,116, 40, 41, 13, 10, 13, 10,  9,114,
101,116,117,114,110, 32,116,105,109,101,114, 13, 10,101,110,100, 13, 10, 13, 10,
112, 97, 99,107, 97,103,101, 46,112,114,101,108,111, 97,100, 91, 34, 97, 99, 99,
101,108,101,114,111,109,101,116,101,114, 34, 93, 32, 61, 32,102,117,110, 99,116,
105,111,110, 40, 41, 13, 10,  9, 97, 99, 99,101,108,101,114,111,109,101,116,101,
114, 32, 61, 32, 65, 99, 99,101,108,101,114,111,109,101,116,101,114, 46,110,101,
119, 40, 41, 13, 10,  9,114,101,116,117,114,110, 32, 97, 99, 99,101,108,101,114,
111,109,101,116,101,114, 13, 10,101,110,100, 13, 10, 13, 10,112, 97, 99,107, 97,
103,101, 46,112,114,101,108,111, 97,100, 91, 34,103,121,114,111,115, 99,111,112,
101, 34, 93, 32, 61, 32,102,117,110, 99,116,105,111,110, 40, 41, 13, 10,  9,103,
121,114,111,115, 99,111,112,101, 32, 61, 32, 71,121,114,111,115, 99,111,112,101,
 46,110,101,119, 40, 41, 13, 10,  9,114,101,116,117,114,110, 32,103,121,114,111,
115, 99,111,112,101, 13, 10,101,110,100, 13, 10, 13, 10,112, 97, 99,107, 97,103,
101, 46,112,114,101,108,111, 97,100, 91, 34,103,101,111,108,111, 99, 97,116,105,
111,110, 34, 93, 32, 61, 32,102,117,110, 99,116,105,111,110, 40, 41, 13, 10,  9,
103,101,111,108,111, 99, 97,116,105,111,110, 32, 61, 32, 71,101,111,108,111, 99,
 97,116,105,111,110, 46,110,101,119, 40, 41, 13, 10,  9,114,101,116,117,114,110,
 32,103,101,111,108,111, 99, 97,116,105,111,110, 13, 10,101,110,100, 13, 10, 13,
 10, 13, 10,108,111, 99, 97,108, 32, 97, 99, 99,101,108,101,114,111,109,101,116,
101,114, 32, 61, 32,110,105,108, 13, 10,102,117,110, 99,116,105,111,110, 32, 65,
112,112,108,105, 99, 97,116,105,111,110, 58,103,101,116, 65, 99, 99,101,108,101,
114,111,109,101,116,101,114, 40, 41, 13, 10,  9,105,102, 32, 97, 99, 99,101,108,
101,114,111,109,101,116,101,114, 32, 61, 61, 32,110,105,108, 32,116,104,101,110,
 13, 10,  9,  9, 97, 99, 99,101,108,101,114,111,109,101,116,101,114, 32, 61, 32,
 65, 99, 99,101,108,101,114,111,109,101,116,101,114, 46,110,101,119, 40, 41, 13,
 10,  9,  9, 97, 99, 99,101,108,101,114,111,109,101,116,101,114, 58,115,116, 97,
114,116, 40, 41, 13, 10,  9,101,110,100, 13, 10,  9,114,101,116,117,114,110, 32,
 97, 99, 99,101,108,101,114,111,109,101,116,101,114, 58,103,101,116, 65, 99, 99,
101,108,101,114, 97,116,105,111,110, 40, 41, 13, 10,101,110,100, 13, 10,
};

 if (luaL_loadbuffer(L,(const char*)B1,sizeof(B1),"compatibility.lua")==0) lua_call(L, 0, 0);
}
