/* code automatically generated by bin2c -- DO NOT EDIT */
{
/* #include'ing this file in a C program is equivalent to calling
  if (luaL_loadfile(L,"property.lua")==0) lua_call(L, 0, 0); 
*/
/* property.lua */
static const unsigned char B1[]={
100,111, 13, 10,  9,108,111, 99, 97,108, 32, 99, 32, 61, 32, 79, 98,106,101, 99,
116, 13, 10,  9, 99, 46, 95, 95,105,110,100,101,120, 32, 61, 32, 99, 13, 10, 13,
 10,  9, 99, 46, 95, 95,110,101,119, 32, 61, 32,102,117,110, 99,116,105,111,110,
 40, 46, 46, 46, 41, 13, 10,  9,  9,108,111, 99, 97,108, 32,115, 49, 32, 61, 32,
123,125, 13, 10, 13, 10,  9,  9,115,101,116,109,101,116, 97,116, 97, 98,108,101,
 40,115, 49, 44, 32, 99, 41, 13, 10, 13, 10,  9,  9,108,111, 99, 97,108, 32,105,
110,105,116, 32, 61, 32,114, 97,119,103,101,116, 40, 99, 44, 32, 34,105,110,105,
116, 34, 41, 13, 10,  9,  9,105,102, 32,116,121,112,101, 40,105,110,105,116, 41,
 32, 61, 61, 32, 34,102,117,110, 99,116,105,111,110, 34, 32,116,104,101,110, 13,
 10,  9,  9,  9,105,110,105,116, 40,115, 49, 44, 32, 46, 46, 46, 41, 13, 10,  9,
  9,101,110,100, 13, 10, 13, 10,  9,  9,114,101,116,117,114,110, 32,115, 49,  9,
  9, 13, 10,  9,101,110,100, 13, 10, 13, 10,  9, 99, 46,110,101,119, 32, 61, 32,
102,117,110, 99,116,105,111,110, 40, 46, 46, 46, 41, 13, 10,  9,  9,108,111, 99,
 97,108, 32,115, 49, 32, 61, 32, 99, 46, 95, 95,110,101,119, 40, 46, 46, 46, 41,
 13, 10, 13, 10,  9,  9,108,111, 99, 97,108, 32,112,111,115,116, 73,110,105,116,
 32, 61, 32,115, 49, 46,112,111,115,116, 73,110,105,116, 13, 10,  9,  9,105,102,
 32,116,121,112,101, 40,112,111,115,116, 73,110,105,116, 41, 32, 61, 61, 32, 34,
102,117,110, 99,116,105,111,110, 34, 32,116,104,101,110, 13, 10,  9,  9,  9,112,
111,115,116, 73,110,105,116, 40,115, 49, 44, 32, 46, 46, 46, 41, 13, 10,  9,  9,
101,110,100, 13, 10, 13, 10,  9,  9,114,101,116,117,114,110, 32,115, 49, 13, 10,
  9,101,110,100, 13, 10,101,110,100, 13, 10, 13, 10,108,111, 99, 97,108, 32, 95,
 95, 79, 98,106,101, 99,116, 32, 61, 32, 79, 98,106,101, 99,116, 13, 10, 13, 10,
 67,111,114,101, 32, 61, 32,123,125, 13, 10, 13, 10, 67,111,114,101, 46, 99,108,
 97,115,115, 32, 61, 32,102,117,110, 99,116,105,111,110, 32, 40, 98, 41, 13, 10,
  9, 98, 32, 61, 32, 98, 32,111,114, 32, 95, 95, 79, 98,106,101, 99,116, 13, 10,
 13, 10,  9,108,111, 99, 97,108, 32, 99, 32, 61, 32,123,125, 13, 10,  9, 99, 46,
 95, 95,105,110,100,101,120, 32, 61, 32, 99, 13, 10,  9,115,101,116,109,101,116,
 97,116, 97, 98,108,101, 40, 99, 44, 32, 98, 41, 13, 10, 13, 10,  9, 99, 46,115,
117,112,101,114, 32, 61, 32, 98, 13, 10, 13, 10,  9, 99, 46, 95, 95,110,101,119,
 32, 61, 32,102,117,110, 99,116,105,111,110, 40, 46, 46, 46, 41, 13, 10,  9,  9,
108,111, 99, 97,108, 32, 98, 32, 61, 32,103,101,116,109,101,116, 97,116, 97, 98,
108,101, 40, 99, 41, 13, 10, 13, 10,  9,  9,108,111, 99, 97,108, 32,115, 49, 32,
 61, 32, 98, 46, 95, 95,110,101,119, 40, 46, 46, 46, 41, 13, 10, 13, 10,  9,  9,
115,101,116,109,101,116, 97,116, 97, 98,108,101, 40,115, 49, 44, 32, 99, 41, 13,
 10, 13, 10,  9,  9,108,111, 99, 97,108, 32,105,110,105,116, 32, 61, 32,114, 97,
119,103,101,116, 40, 99, 44, 32, 34,105,110,105,116, 34, 41, 13, 10,  9,  9,105,
102, 32,116,121,112,101, 40,105,110,105,116, 41, 32, 61, 61, 32, 34,102,117,110,
 99,116,105,111,110, 34, 32,116,104,101,110, 13, 10,  9,  9,  9,105,110,105,116,
 40,115, 49, 44, 32, 46, 46, 46, 41, 13, 10,  9,  9,101,110,100, 13, 10, 13, 10,
  9,  9,114,101,116,117,114,110, 32,115, 49, 13, 10,  9,101,110,100, 13, 10, 13,
 10,  9, 99, 46,110,101,119, 32, 61, 32,102,117,110, 99,116,105,111,110, 40, 46,
 46, 46, 41, 13, 10,  9,  9,108,111, 99, 97,108, 32,115, 49, 32, 61, 32, 99, 46,
 95, 95,110,101,119, 40, 46, 46, 46, 41, 13, 10, 13, 10,  9,  9,108,111, 99, 97,
108, 32,112,111,115,116, 73,110,105,116, 32, 61, 32,115, 49, 46,112,111,115,116,
 73,110,105,116, 13, 10,  9,  9,105,102, 32,116,121,112,101, 40,112,111,115,116,
 73,110,105,116, 41, 32, 61, 61, 32, 34,102,117,110, 99,116,105,111,110, 34, 32,
116,104,101,110, 13, 10,  9,  9,  9,112,111,115,116, 73,110,105,116, 40,115, 49,
 44, 32, 46, 46, 46, 41, 13, 10,  9,  9,101,110,100, 13, 10, 32, 13, 10,  9,  9,
114,101,116,117,114,110, 32,115, 49, 13, 10,  9,101,110,100, 13, 10, 13, 10,  9,
114,101,116,117,114,110, 32, 99, 13, 10,101,110,100, 13, 10,
};

 if (luaL_loadbuffer(L,(const char*)B1,sizeof(B1),"property.lua")==0) lua_call(L, 0, 0);
}
