/* code automatically generated by bin2c -- DO NOT EDIT */
{
/* #include'ing this file in a C program is equivalent to calling
  if (luaL_loadfile(L,"sprite.lua")==0) lua_call(L, 0, 0); 
*/
/* sprite.lua */
static const unsigned char B1[]={
 45, 45, 91, 91, 13, 10, 83,112,114,105,116,101, 46,110,117,109, 67,104,105,108,
100,114,101,110, 32, 61, 32, 83,112,114,105,116,101, 46,103,101,116, 78,117,109,
 67,104,105,108,100,114,101,110, 13, 10, 83,112,114,105,116,101, 46, 99,104,105,
108,100, 65,116, 32, 61, 32, 83,112,114,105,116,101, 46,103,101,116, 67,104,105,
108,100, 65,116, 13, 10, 83,112,114,105,116,101, 46,103,101,116, 80, 97,114,101,
110,116, 32, 61, 32, 83,112,114,105,116,101, 46,112, 97,114,101,110,116, 13, 10,
 83,112,114,105,116,101, 46, 99,104,105,108,100, 73,110,100,101,120, 32, 61, 32,
 83,112,114,105,116,101, 46,103,101,116, 67,104,105,108,100, 73,110,100,101,120,
 13, 10, 83,112,114,105,116,101, 46,120, 32, 61, 32, 83,112,114,105,116,101, 46,
103,101,116, 88, 13, 10, 83,112,114,105,116,101, 46,121, 32, 61, 32, 83,112,114,
105,116,101, 46,103,101,116, 89, 13, 10, 83,112,114,105,116,101, 46,114,111,116,
 97,116,105,111,110, 32, 61, 32, 83,112,114,105,116,101, 46,103,101,116, 82,111,
116, 97,116,105,111,110, 13, 10, 83,112,114,105,116,101, 46,115, 99, 97,108,101,
 88, 32, 61, 32, 83,112,114,105,116,101, 46,103,101,116, 83, 99, 97,108,101, 88,
 13, 10, 83,112,114,105,116,101, 46,115, 99, 97,108,101, 89, 32, 61, 32, 83,112,
114,105,116,101, 46,103,101,116, 83, 99, 97,108,101, 89, 13, 10, 83,112,114,105,
116,101, 46,118,105,115,105, 98,108,101, 32, 61, 32, 83,112,114,105,116,101, 46,
103,101,116, 86,105,115,105, 98,108,101, 13, 10, 83,112,114,105,116,101, 46, 99,
111,108,111,114, 84,114, 97,110,115,102,111,114,109, 32, 61, 32, 83,112,114,105,
116,101, 46,103,101,116, 67,111,108,111,114, 84,114, 97,110,115,102,111,114,109,
 13, 10, 83,112,114,105,116,101, 46,119,105,100,116,104, 32, 61, 32, 83,112,114,
105,116,101, 46,103,101,116, 87,105,100,116,104, 13, 10, 83,112,114,105,116,101,
 46,104,101,105,103,104,116, 32, 61, 32, 83,112,114,105,116,101, 46,103,101,116,
 72,101,105,103,104,116, 13, 10, 83,112,114,105,116,101, 46,109, 97,116,114,105,
120, 32, 61, 32, 83,112,114,105,116,101, 46,103,101,116, 77, 97,116,114,105,120,
 13, 10, 83,112,114,105,116,101, 46, 97,108,112,104, 97, 32, 61, 32, 83,112,114,
105,116,101, 46,103,101,116, 65,108,112,104, 97, 13, 10, 45, 45, 93, 93, 13, 10,
 13, 10, 13, 10,108,111, 99, 97,108, 32,115,101,116, 66,108,101,110,100, 70,117,
110, 99, 32, 61, 32, 83,112,114,105,116,101, 46,115,101,116, 66,108,101,110,100,
 70,117,110, 99, 13, 10,108,111, 99, 97,108, 32, 99,108,101, 97,114, 66,108,101,
110,100, 70,117,110, 99, 32, 61, 32, 83,112,114,105,116,101, 46, 99,108,101, 97,
114, 66,108,101,110,100, 70,117,110, 99, 13, 10, 13, 10, 83,112,114,105,116,101,
 46,115,101,116, 66,108,101,110,100, 70,117,110, 99, 32, 61, 32,110,105,108, 13,
 10, 83,112,114,105,116,101, 46, 99,108,101, 97,114, 66,108,101,110,100, 70,117,
110, 99, 32, 61, 32,110,105,108, 13, 10, 13, 10,108,111, 99, 97,108, 32, 83, 82,
 67, 95, 65, 76, 80, 72, 65, 32, 61, 32, 66,108,101,110,100, 70, 97, 99,116,111,
114, 46, 83, 82, 67, 95, 65, 76, 80, 72, 65, 13, 10,108,111, 99, 97,108, 32, 79,
 78, 69, 95, 77, 73, 78, 85, 83, 95, 83, 82, 67, 95, 65, 76, 80, 72, 65, 32, 61,
 32, 66,108,101,110,100, 70, 97, 99,116,111,114, 46, 79, 78, 69, 95, 77, 73, 78,
 85, 83, 95, 83, 82, 67, 95, 65, 76, 80, 72, 65, 13, 10,108,111, 99, 97,108, 32,
 79, 78, 69, 32, 61, 32, 66,108,101,110,100, 70, 97, 99,116,111,114, 46, 79, 78,
 69, 13, 10,108,111, 99, 97,108, 32, 90, 69, 82, 79, 32, 61, 32, 66,108,101,110,
100, 70, 97, 99,116,111,114, 46, 90, 69, 82, 79, 13, 10,108,111, 99, 97,108, 32,
 68, 83, 84, 95, 67, 79, 76, 79, 82, 32, 61, 32, 66,108,101,110,100, 70, 97, 99,
116,111,114, 46, 68, 83, 84, 95, 67, 79, 76, 79, 82, 13, 10,108,111, 99, 97,108,
 32, 79, 78, 69, 95, 77, 73, 78, 85, 83, 95, 83, 82, 67, 95, 67, 79, 76, 79, 82,
 32, 61, 32, 66,108,101,110,100, 70, 97, 99,116,111,114, 46, 79, 78, 69, 95, 77,
 73, 78, 85, 83, 95, 83, 82, 67, 95, 67, 79, 76, 79, 82, 13, 10, 13, 10, 66,108,
101,110,100, 70, 97, 99,116,111,114, 32, 61, 32,110,105,108, 13, 10, 13, 10, 83,
112,114,105,116,101, 46, 65, 76, 80, 72, 65, 32, 61, 32, 34, 97,108,112,104, 97,
 34, 13, 10, 83,112,114,105,116,101, 46, 78, 79, 95, 65, 76, 80, 72, 65, 32, 61,
 32, 34,110,111, 65,108,112,104, 97, 34, 13, 10, 83,112,114,105,116,101, 46, 65,
 68, 68, 32, 61, 32, 34, 97,100,100, 34, 13, 10, 83,112,114,105,116,101, 46, 77,
 85, 76, 84, 73, 80, 76, 89, 32, 61, 32, 34,109,117,108,116,105,112,108,121, 34,
 13, 10, 83,112,114,105,116,101, 46, 83, 67, 82, 69, 69, 78, 32, 61, 32, 34,115,
 99,114,101,101,110, 34, 13, 10, 32, 13, 10,102,117,110, 99,116,105,111,110, 32,
 83,112,114,105,116,101, 58,115,101,116, 66,108,101,110,100, 77,111,100,101, 40,
109,111,100,101, 41, 13, 10,  9,105,102, 32,116,121,112,101, 40,109,111,100,101,
 41, 32,126, 61, 32, 34,115,116,114,105,110,103, 34, 32,116,104,101,110, 13, 10,
  9,  9,101,114,114,111,114, 40, 34, 98, 97,100, 32, 97,114,103,117,109,101,110,
116, 32, 35, 50, 32,116,111, 32, 39,115,101,116, 66,108,101,110,100, 77,111,100,
101, 39, 32, 40,115,116,114,105,110,103, 32,101,120,112,101, 99,116,101,100, 44,
 32,103,111,116, 32, 34, 46, 46,116,121,112,101, 40,109,111,100,101, 41, 46, 46,
 34, 41, 34, 41, 13, 10,  9,101,110,100, 13, 10, 32, 13, 10,  9,105,102, 32,109,
111,100,101, 32, 61, 61, 32, 83,112,114,105,116,101, 46, 65, 76, 80, 72, 65, 32,
116,104,101,110, 13, 10,  9,  9,115,101,116, 66,108,101,110,100, 70,117,110, 99,
 40,115,101,108,102, 44, 32, 79, 78, 69, 44, 32, 79, 78, 69, 95, 77, 73, 78, 85,
 83, 95, 83, 82, 67, 95, 65, 76, 80, 72, 65, 41, 13, 10,  9,101,108,115,101,105,
102, 32,109,111,100,101, 32, 61, 61, 32, 83,112,114,105,116,101, 46, 78, 79, 95,
 65, 76, 80, 72, 65, 32,116,104,101,110, 13, 10,  9,  9,115,101,116, 66,108,101,
110,100, 70,117,110, 99, 40,115,101,108,102, 44, 32, 79, 78, 69, 44, 32, 90, 69,
 82, 79, 41, 13, 10,  9,101,108,115,101,105,102, 32,109,111,100,101, 32, 61, 61,
 32, 83,112,114,105,116,101, 46, 65, 68, 68, 32,116,104,101,110, 13, 10,  9,  9,
115,101,116, 66,108,101,110,100, 70,117,110, 99, 40,115,101,108,102, 44, 32, 79,
 78, 69, 44, 32, 79, 78, 69, 41, 13, 10,  9,101,108,115,101,105,102, 32,109,111,
100,101, 32, 61, 61, 32, 83,112,114,105,116,101, 46, 77, 85, 76, 84, 73, 80, 76,
 89, 32,116,104,101,110, 13, 10,  9,  9,115,101,116, 66,108,101,110,100, 70,117,
110, 99, 40,115,101,108,102, 44, 32, 68, 83, 84, 95, 67, 79, 76, 79, 82, 44, 32,
 79, 78, 69, 95, 77, 73, 78, 85, 83, 95, 83, 82, 67, 95, 65, 76, 80, 72, 65, 41,
 13, 10,  9,101,108,115,101,105,102, 32,109,111,100,101, 32, 61, 61, 32, 83,112,
114,105,116,101, 46, 83, 67, 82, 69, 69, 78, 32,116,104,101,110, 13, 10,  9,  9,
115,101,116, 66,108,101,110,100, 70,117,110, 99, 40,115,101,108,102, 44, 32, 79,
 78, 69, 44, 32, 79, 78, 69, 95, 77, 73, 78, 85, 83, 95, 83, 82, 67, 95, 67, 79,
 76, 79, 82, 41, 13, 10,  9,101,108,115,101, 13, 10,  9,  9,101,114,114,111,114,
 40, 34, 80, 97,114, 97,109,101,116,101,114, 32, 39, 98,108,101,110,100, 77,111,
100,101, 39, 32,109,117,115,116, 32, 98,101, 32,111,110,101, 32,111,102, 32,116,
104,101, 32, 97, 99, 99,101,112,116,101,100, 32,118, 97,108,117,101,115, 46, 34,
 41, 13, 10,  9,101,110,100, 13, 10,101,110,100, 13, 10, 32, 13, 10, 83,112,114,
105,116,101, 46, 99,108,101, 97,114, 66,108,101,110,100, 77,111,100,101, 32, 61,
 32, 99,108,101, 97,114, 66,108,101,110,100, 70,117,110, 99, 13, 10, 13, 10, 13,
 10,
};

 if (luaL_loadbuffer(L,(const char*)B1,sizeof(B1),"sprite.lua")==0) lua_call(L, 0, 0);
}
