/* code automatically generated by bin2c -- DO NOT EDIT */
{
/* #include'ing this file in a C program is equivalent to calling
  if (luaL_loadfile(L,"texturepack.lua")==0) lua_call(L, 0, 0); 
*/
/* texturepack.lua */
static const unsigned char B1[]={
102,117,110, 99,116,105,111,110, 32, 84,101,120,116,117,114,101, 80, 97, 99,107,
 58,103,101,116, 84,101,120,116,117,114,101, 82,101,103,105,111,110, 40,105,110,
100,101,120, 41, 13, 10,  9,108,111, 99, 97,108, 32,120, 44, 32,121, 44, 32,119,
105,100,116,104, 44, 32,104,101,105,103,104,116, 44, 32,100,120, 49, 44, 32,100,
121, 49, 44, 32,100,120, 50, 44, 32,100,121, 50, 13, 10,  9,120, 44, 32,121, 44,
 32,119,105,100,116,104, 44, 32,104,101,105,103,104,116, 44, 32,100,120, 49, 44,
 32,100,121, 49, 44, 32,100,120, 50, 44, 32,100,121, 50, 32, 61, 32,115,101,108,
102, 58,103,101,116, 76,111, 99, 97,116,105,111,110, 40,105,110,100,101,120, 41,
 13, 10,  9, 13, 10,  9,105,102, 32,120, 32, 61, 61, 32,110,105,108, 32,116,104,
101,110, 13, 10,  9,  9,114,101,116,117,114,110, 32,110,105,108, 13, 10,  9,101,
110,100, 13, 10, 13, 10,  9,114,101,116,117,114,110, 32, 84,101,120,116,117,114,
101, 82,101,103,105,111,110, 46,110,101,119, 40,115,101,108,102, 44, 32,120, 44,
 32,121, 44, 32,119,105,100,116,104, 44, 32,104,101,105,103,104,116, 44, 32,100,
120, 49, 44, 32,100,121, 49, 44, 32,100,120, 50, 44, 32,100,121, 50, 41, 13, 10,
101,110,100, 13, 10, 13, 10, 45, 45, 91, 91, 13, 10, 84,101,120,116,117,114,101,
 82,101,103,105,111,110, 32, 61, 32, 66,105,116,109, 97,112, 68, 97,116, 97, 13,
 10, 84,101,120,116,117,114,101, 80, 97, 99,107, 46,103,101,116, 84,101,120,116,
117,114,101, 82,101,103,105,111,110, 32, 61, 32, 84,101,120,116,117,114,101, 80,
 97, 99,107, 46,103,101,116, 66,105,116,109, 97,112, 68, 97,116, 97, 13, 10, 45,
 45, 93, 93, 13, 10,
};

 if (luaL_loadbuffer(L,(const char*)B1,sizeof(B1),"texturepack.lua")==0) lua_call(L, 0, 0);
}
