SpaceFlier_sm_1.png, 1, 1, 120, 65, 0, 0, 0, 0
SpaceFlier_med_1.png, 123, 1, 120, 65, 0, 0, 0, 0
SpaceFlier_lg_1.png, 245, 1, 120, 65, 0, 0, 0, 0
SpaceFlier_lg_2.png, 367, 1, 120, 65, 0, 0, 0, 0
SpaceFlier_sm_2.png, 1, 68, 120, 65, 0, 0, 0, 0
SFmove_01.png, 123, 68, 50, 50, 0, 0, 0, 0
SFmove_00.png, 175, 68, 50, 50, 0, 0, 0, 0
SFmove_21.png, 227, 68, 50, 50, 0, 0, 0, 0
SFmove_20.png, 279, 68, 50, 50, 0, 0, 0, 0
SFmove_19.png, 331, 68, 50, 50, 0, 0, 0, 0
SFmove_18.png, 383, 68, 50, 50, 0, 0, 0, 0
SFmove_17.png, 435, 68, 50, 50, 0, 0, 0, 0
SFmove_16.png, 123, 120, 50, 50, 0, 0, 0, 0
SFmove_15.png, 1, 135, 50, 50, 0, 0, 0, 0
SFmove_14.png, 53, 135, 50, 50, 0, 0, 0, 0
SFmove_13.png, 175, 120, 50, 50, 0, 0, 0, 0
SFmove_12.png, 227, 120, 50, 50, 0, 0, 0, 0
SFmove_11.png, 279, 120, 50, 50, 0, 0, 0, 0
SFmove_10.png, 331, 120, 50, 50, 0, 0, 0, 0
SFmove_09.png, 383, 120, 50, 50, 0, 0, 0, 0
SFmove_08.png, 435, 120, 50, 50, 0, 0, 0, 0
SFmove_07.png, 105, 172, 50, 50, 0, 0, 0, 0
SFmove_06.png, 1, 187, 50, 50, 0, 0, 0, 0
SFmove_05.png, 53, 187, 50, 50, 0, 0, 0, 0
SFmove_04.png, 157, 172, 50, 50, 0, 0, 0, 0
SFmove_03.png, 209, 172, 50, 50, 0, 0, 0, 0
SFmove_02.png, 261, 172, 50, 50, 0, 0, 0, 0
enemy_spaceship.png, 313, 172, 127, 61, 0, 0, 0, 0
Long-Sword.png, 487, 68, 20, 109, 0, 0, 0, 0
