0
32
1 1
0 0
0 0
384 0

33
22 1
2 15
2 15
384 0

34
43 1
5 5
1 15
448 0

35
64 1
11 15
0 15
704 0

36
85 1
9 18
1 16
704 0

37
106 1
16 15
1 15
1152 0

38
127 1
12 15
1 15
832 0

39
148 1
2 5
1 15
256 0

40
169 1
5 19
1 15
448 0

41
190 1
5 19
1 15
448 0

42
1 23
7 6
0 15
512 0

43
22 23
10 10
1 12
768 0

44
43 23
2 5
2 2
384 0

45
64 23
6 2
0 6
448 0

46
85 23
2 2
2 2
384 0

47
106 23
7 15
0 15
384 0

48
127 23
9 15
1 15
704 0

49
148 23
5 15
2 15
704 0

50
169 23
10 15
0 15
704 0

51
190 23
9 15
1 15
704 0

52
1 45
10 15
0 15
704 0

53
22 45
9 15
1 15
704 0

54
43 45
9 15
1 15
704 0

55
64 45
9 15
1 15
704 0

56
85 45
9 15
1 15
704 0

57
106 45
9 15
1 15
704 0

58
127 45
2 11
2 11
384 0

59
148 45
2 14
2 11
384 0

60
169 45
10 9
1 12
768 0

61
190 45
10 6
1 10
768 0

62
1 67
10 9
1 12
768 0

63
22 67
9 15
1 15
704 0

64
43 67
18 19
1 15
1280 0

65
64 67
15 15
-1 15
832 0

66
85 67
10 15
2 15
832 0

67
106 67
12 15
1 15
896 0

68
127 67
11 15
2 15
896 0

69
148 67
10 15
2 15
832 0

70
169 67
9 15
2 15
768 0

71
190 67
14 15
1 15
1024 0

72
1 89
11 15
1 15
832 0

73
22 89
2 15
2 15
384 0

74
43 89
8 15
0 15
640 0

75
64 89
11 15
2 15
832 0

76
85 89
8 15
2 15
704 0

77
106 89
13 15
2 15
1088 0

78
127 89
11 15
1 15
832 0

79
148 89
14 15
1 15
1024 0

80
169 89
10 15
2 15
832 0

81
190 89
14 16
1 15
1024 0

82
1 111
12 15
2 15
896 0

83
22 111
11 15
1 15
832 0

84
43 111
12 15
0 15
768 0

85
64 111
11 15
1 15
832 0

86
85 111
15 15
-1 15
832 0

87
106 111
19 15
0 15
1216 0

88
127 111
13 15
0 15
832 0

89
148 111
14 15
0 15
896 0

90
169 111
11 15
0 15
768 0

91
190 111
4 19
1 15
384 0

92
1 133
7 15
-1 15
384 0

93
22 133
4 19
1 15
384 0

94
43 133
8 8
0 15
512 0

95
64 133
11 2
0 -2
704 0

96
85 133
3 3
1 15
448 0

97
106 133
10 11
0 11
704 0

98
127 133
9 15
1 15
704 0

99
148 133
8 11
1 11
640 0

100
169 133
9 15
1 15
704 0

101
190 133
9 11
1 11
704 0

102
1 155
7 15
0 15
384 0

103
22 155
10 15
0 11
704 0

104
43 155
8 15
1 15
640 0

105
64 155
2 15
1 15
256 0

106
85 155
4 19
-1 15
256 0

107
106 155
9 15
1 15
640 0

108
127 155
2 15
1 15
256 0

109
148 155
14 11
1 11
1024 0

110
169 155
8 11
1 11
640 0

111
190 155
9 11
1 11
704 0

112
1 177
9 15
1 11
704 0

113
22 177
9 15
1 11
704 0

114
43 177
6 11
1 11
448 0

115
64 177
8 11
1 11
640 0

116
85 177
5 15
0 15
384 0

117
106 177
8 11
1 11
640 0

118
127 177
11 11
-1 11
576 0

119
148 177
17 11
-1 11
960 0

120
169 177
11 11
-1 11
576 0

121
190 177
12 15
-1 11
640 0

122
1 199
9 11
0 11
576 0

123
22 199
6 19
0 15
448 0

124
43 199
2 19
2 15
384 0

125
64 199
6 19
1 15
448 0

126
85 199
10 4
1 9
768 0

206
106 199
8 19
-1 19
384 0

229
127 199
10 17
0 17
704 0

233
148 199
9 15
1 15
704 0

238
169 199
8 15
-1 15
384 0

241
190 199
8 15
1 15
640 0

246
1 221
9 14
1 14
704 0

316
22 221
5 20
0 15
256 0

355
43 221
5 20
1 15
384 0

382
64 221
9 15
0 15
576 0

