0
32
1 1
0 0
0 0
448 0

33
26 1
2 17
3 17
512 0

34
51 1
6 6
1 17
576 0

35
76 1
13 17
0 17
832 0

36
101 1
11 20
1 18
832 0

37
126 1
19 17
1 17
1344 0

38
151 1
14 17
1 17
1024 0

39
176 1
2 6
1 17
320 0

40
201 1
6 22
1 17
512 0

41
1 26
6 22
1 17
512 0

42
26 26
8 7
1 17
576 0

43
51 26
12 12
1 14
896 0

44
76 26
2 6
2 2
448 0

45
101 26
7 2
0 7
512 0

46
126 26
2 2
2 2
448 0

47
151 26
8 17
0 17
448 0

48
176 26
11 17
1 17
832 0

49
201 26
6 17
3 17
832 0

50
1 51
12 17
0 17
832 0

51
26 51
11 17
1 17
832 0

52
51 51
11 17
1 17
832 0

53
76 51
11 17
1 17
832 0

54
101 51
11 17
1 17
832 0

55
126 51
11 17
1 17
832 0

56
151 51
11 17
1 17
832 0

57
176 51
11 17
1 17
832 0

58
201 51
2 13
2 13
448 0

59
1 76
2 17
2 13
448 0

60
26 76
11 11
1 14
896 0

61
51 76
11 7
1 12
896 0

62
76 76
11 11
1 14
896 0

63
101 76
11 17
1 17
832 0

64
126 76
22 22
1 17
1536 0

65
151 76
17 17
-1 17
960 0

66
176 76
13 17
2 17
1024 0

67
201 76
15 17
1 17
1088 0

68
1 101
14 17
2 17
1088 0

69
26 101
13 17
2 17
1024 0

70
51 101
12 17
2 17
960 0

71
76 101
16 17
1 17
1216 0

72
101 101
13 17
2 17
1088 0

73
126 101
2 17
2 17
384 0

74
151 101
10 17
0 17
768 0

75
176 101
14 17
2 17
1024 0

76
201 101
10 17
2 17
832 0

77
1 126
15 17
2 17
1216 0

78
26 126
13 17
2 17
1088 0

79
51 126
17 17
1 17
1216 0

80
76 126
13 17
2 17
1024 0

81
101 126
17 19
1 17
1216 0

82
126 126
14 17
2 17
1088 0

83
151 126
14 17
1 17
1024 0

84
176 126
14 17
0 17
896 0

85
201 126
13 17
2 17
1088 0

86
1 151
17 17
-1 17
960 0

87
26 151
23 17
0 17
1472 0

88
51 151
15 17
0 17
960 0

89
76 151
16 17
0 17
1024 0

90
101 151
14 17
0 17
960 0

91
126 151
4 22
1 17
448 0

92
151 151
8 17
-1 17
448 0

93
176 151
4 22
2 17
448 0

94
201 151
10 9
1 17
768 0

95
1 176
14 2
-1 -3
832 0

96
26 176
4 3
1 17
512 0

97
51 176
11 13
1 13
832 0

98
76 176
11 17
2 17
896 0

99
101 176
10 13
1 13
768 0

100
126 176
11 17
1 17
896 0

101
151 176
11 13
1 13
832 0

102
176 176
8 17
0 17
448 0

103
201 176
12 18
0 13
896 0

104
1 201
10 17
2 17
896 0

105
26 201
2 17
2 17
320 0

106
51 201
6 22
-2 17
384 0

107
76 201
10 17
2 17
768 0

108
101 201
2 17
2 17
384 0

109
126 201
16 13
2 13
1280 0

110
151 201
10 13
2 13
896 0

111
176 201
11 13
1 13
832 0

112
201 201
11 18
2 13
896 0

113
1 226
11 18
1 13
896 0

114
26 226
6 13
2 13
512 0

115
51 226
10 13
1 13
768 0

116
76 226
7 18
0 18
448 0

117
101 226
10 13
2 13
896 0

118
126 226
13 13
-1 13
704 0

119
151 226
19 13
-1 13
1088 0

120
176 226
12 13
0 13
704 0

121
201 226
12 18
0 13
768 0

122
1 251
10 13
1 13
768 0

123
26 251
6 22
1 17
512 0

124
51 251
2 23
2 17
384 0

125
76 251
6 22
1 17
512 0

126
101 251
12 4
1 10
896 0

