0
32
1 1
0 0
0 0
192 0

33
14 1
1 9
1 9
192 0

34
27 1
3 3
0 9
256 0

35
40 1
7 9
0 9
448 0

36
53 1
5 10
1 9
448 0

37
66 1
9 9
1 9
704 0

38
79 1
7 9
1 9
512 0

39
92 1
1 3
1 9
128 0

40
105 1
3 11
1 9
256 0

41
1 15
3 11
0 9
256 0

42
14 15
5 4
0 9
320 0

43
27 15
5 5
1 7
448 0

44
40 15
1 3
1 1
192 0

45
53 15
3 1
0 4
256 0

46
66 15
1 1
1 1
192 0

47
79 15
3 9
0 9
192 0

48
92 15
5 9
1 9
448 0

49
105 15
3 9
1 9
448 0

50
1 29
5 9
1 9
448 0

51
14 29
5 9
1 9
448 0

52
27 29
5 9
1 9
448 0

53
40 29
5 9
1 9
448 0

54
53 29
5 9
1 9
448 0

55
66 29
5 9
1 9
448 0

56
79 29
5 9
1 9
448 0

57
92 29
5 9
1 9
448 0

58
105 29
1 7
1 7
192 0

59
1 43
1 9
1 7
192 0

60
14 43
5 5
1 7
448 0

61
27 43
6 4
0 6
448 0

62
40 43
5 5
1 7
448 0

63
53 43
5 9
1 9
448 0

64
66 43
11 12
1 9
768 0

65
79 43
9 9
-1 9
448 0

66
92 43
6 9
1 9
512 0

67
105 43
7 9
1 9
576 0

68
1 57
7 9
1 9
576 0

69
14 57
6 9
1 9
512 0

70
27 57
5 9
1 9
448 0

71
40 57
7 9
1 9
576 0

72
53 57
7 9
1 9
576 0

73
66 57
1 9
1 9
192 0

74
79 57
6 9
-1 9
384 0

75
92 57
7 9
1 9
512 0

76
105 57
6 9
1 9
448 0

77
1 71
7 9
1 9
576 0

78
14 71
7 9
1 9
576 0

79
27 71
7 9
1 9
576 0

80
40 71
6 9
1 9
512 0

81
53 71
7 10
1 9
576 0

82
66 71
8 9
1 9
576 0

83
79 71
6 9
1 9
512 0

84
92 71
7 9
0 9
448 0

85
105 71
7 9
1 9
576 0

86
1 85
9 9
-1 9
448 0

87
14 85
11 9
0 9
704 0

88
27 85
7 9
0 9
448 0

89
40 85
7 9
0 9
448 0

90
53 85
7 9
0 9
448 0

91
66 85
2 11
1 9
192 0

92
79 85
3 9
0 9
192 0

93
92 85
2 11
0 9
192 0

94
105 85
5 5
0 9
320 0

95
1 99
7 1
0 -1
448 0

96
14 99
2 2
1 9
256 0

97
27 99
5 7
1 7
448 0

98
40 99
5 9
1 9
448 0

99
53 99
4 7
1 7
384 0

100
66 99
5 9
1 9
448 0

101
79 99
5 7
1 7
448 0

102
92 99
4 9
0 9
192 0

103
105 99
6 9
0 7
448 0

104
1 113
5 9
1 9
448 0

105
14 113
1 9
1 9
192 0

106
27 113
3 11
-1 9
192 0

107
40 113
5 9
1 9
384 0

108
53 113
1 9
1 9
192 0

109
66 113
9 7
1 7
704 0

110
79 113
5 7
1 7
448 0

111
92 113
5 7
1 7
448 0

112
105 113
5 9
1 7
448 0

113
1 127
5 9
1 7
448 0

114
14 127
3 7
1 7
256 0

115
27 127
5 7
1 7
448 0

116
40 127
3 10
0 10
192 0

117
53 127
5 7
1 7
448 0

118
66 127
5 7
0 7
320 0

119
79 127
9 7
0 7
576 0

120
92 127
5 7
0 7
320 0

121
105 127
5 9
0 7
320 0

122
1 141
5 7
0 7
320 0

123
14 141
3 11
0 9
256 0

124
27 141
1 11
1 9
192 0

125
40 141
3 11
1 9
256 0

126
53 141
6 4
1 6
448 0

